,credit_amount
3234,116
1393,3
1262,3
1478,3
1546,2
1258,2
1924,2
2406,2
727,2
1295,2
1154,2
1935,2
2171,2
1409,2
932,2
1940,2
1264,2
5954,2
1410,2
3617,2
1919,2
1199,2
1364,2
2241,2
4526,2
433,2
709,2
4272,2
1231,2
802,2
1237,2
1386,2
2384,2
1240,2
717,2
3959,2
1424,2
1216,2
1275,2
4042,2
1082,2
1503,2
2028,2
609,2
6468,2
2631,2
2333,2
1449,2
1287,2
2039,2
976,2
1442,2
3349,2
3017,2
1533,2
2978,2
3832,2
1282,2
3077,2
8947,1
2760,1
730,1
2759,1
753,1
707,1
2753,1
759,1
708,1
750,1
2762,1
4169,1
2764,1
2799,1
731,1
2767,1
4817,1
4844,1
4843,1
745,1
6887,1
741,1
2788,1
2782,1
6872,1
6143,1
1316,1
701,1
625,1
2687,1
8318,1
2684,1
10875,1
2679,1
7393,1
629,1
2675,1
626,1
2671,1
4746,1
2670,1
4716,1
618,1
6761,1
4712,1
6758,1
2659,1
601,1
2647,1
4736,1
652,1
700,1
682,1
6842,1
2745,1
2743,1
6836,1
691,1
12976,1
685,1
684,1
683,1
2728,1
654,1
4771,1
674,1
672,1
2718,1
3496,1
666,1
2712,1
662,1
660,1
763,1
795,1
2812,1
937,1
3016,1
960,1
3001,1
951,1
950,1
2996,1
2993,1
2991,1
939,1
936,1
975,1
931,1
930,1
929,1
15672,1
926,1
2969,1
918,1
2964,1
915,1
3021,1
3029,1
909,1
3062,1
5129,1
3079,1
7174,1
1028,1
3074,1
1024,1
7238,1
7166,1
5117,1
1007,1
7127,1
3059,1
719,1
5103,1
3051,1
3049,1
5096,1
999,1
996,1
9398,1
7057,1
907,1
766,1
4686,1
6967,1
2864,1
3149,1
2859,1
776,1
806,1
6948,1
2848,1
797,1
790,1
836,1
2835,1
8978,1
783,1
781,1
2825,1
4153,1
4870,1
2820,1
1382,1
2872,1
4933,1
902,1
866,1
900,1
894,1
888,1
886,1
884,1
2930,1
2924,1
2923,1
874,1
9055,1
841,1
2910,1
860,1
10623,1
2394,1
2899,1
1715,1
2896,1
2892,1
9034,1
1819,1
14896,1
585,1
2225,1
2251,1
4297,1
2247,1
2246,1
8386,1
2238,1
6331,1
4281,1
4280,1
3394,1
2223,1
1980,1
1995,1
2221,1
6313,1
8358,1
2212,1
2210,1
6304,1
4249,1
3441,1
8133,1
6350,1
4308,1
4679,1
2303,1
8471,1
2326,1
2325,1
276,1
2323,1
4370,1
6416,1
7408,1
2315,1
6403,1
2302,1
6361,1
2301,1
250,1
14421,1
2292,1
2288,1
2284,1
2279,1
2278,1
2273,1
14555,1
2197,1
4241,1
6288,1
2096,1
2124,1
2122,1
2121,1
2118,1
4165,1
6204,1
10297,1
4151,1
2101,1
2100,1
6187,1
8335,1
8229,1
2080,1
2073,1
2069,1
4113,1
2064,1
2063,1
4110,1
1525,1
2058,1
1437,1
2132,1
6229,1
2134,1
12389,1
10974,1
4139,1
2181,1
1957,1
10366,1
4221,1
2169,1
11590,1
6260,1
4210,1
804,1
7814,1
2150,1
2149,1
2146,1
2145,1
2142,1
2141,1
2235,1
2136,1
2329,1
2331,1
4380,1
6614,1
4605,1
4594,1
4591,1
2538,1
4583,1
484,1
2528,1
2522,1
2520,1
6615,1
2515,1
1374,1
3249,1
2511,1
6419,1
12749,1
4811,1
2507,1
458,1
8648,1
2503,1
448,1
4611,1
518,1
2569,1
2570,1
2629,1
4675,1
2625,1
2622,1
571,1
1274,1
2613,1
2611,1
4657,1
1038,1
2606,1
2600,1
8086,1
6681,1
2901,1
2580,1
2579,1
2578,1
2577,1
2576,1
4623,1
14782,1
2483,1
8487,1
12612,1
1925,1
2397,1
1076,1
3643,1
3939,1
4439,1
2390,1
3972,1
339,1
338,1
2375,1
4530,1
2862,1
2746,1
2366,1
3380,1
6458,1
2360,1
2359,1
2353,1
2348,1
2346,1
4454,1
4455,1
362,1
2415,1
2476,1
426,1
2473,1
6568,1
8613,1
2463,1
2462,1
3594,1
409,1
2445,1
8588,1
2442,1
392,1
2439,1
1880,1
6527,1
2030,1
4473,1
2424,1
1366,1
368,1
1037,1
9283,1
1042,1
1743,1
14027,1
7882,1
1736,1
1169,1
3780,1
3069,1
3777,1
7865,1
1577,1
3763,1
7855,1
3758,1
3757,1
5804,1
5800,1
11938,1
3161,1
7824,1
5771,1
590,1
1670,1
1740,1
640,1
3573,1
3060,1
1804,1
3850,1
1797,1
3844,1
1795,1
3835,1
2133,1
1347,1
1778,1
1569,1
5866,1
9960,1
1766,1
3812,1
2662,1
1445,1
11998,1
3804,1
1755,1
5848,1
1750,1
1768,1
9857,1
3711,1
1659,1
1567,1
3612,1
3609,1
1559,1
1555,1
1554,1
1553,1
1552,1
3595,1
1544,1
1543,1
1542,1
7685,1
1538,1
1537,1
1534,1
1532,1
1530,1
3577,1
3485,1
3590,1
3620,1
3621,1
1574,1
3656,1
1657,1
1655,1
1647,1
5742,1
3676,1
7763,1
5711,1
7758,1
3660,1
3652,1
11816,1
1603,1
3650,1
1597,1
1595,1
1591,1
1585,1
3632,1
1582,1
7721,1
1808,1
3857,1
3651,1
1922,1
1965,1
12204,1
1963,1
1961,1
5433,1
4006,1
5152,1
343,1
1953,1
8858,1
1950,1
1943,1
3990,1
1941,1
1938,1
1936,1
1934,1
3979,1
12169,1
1928,1
1927,1
1967,1
3386,1
2327,1
2002,1
18424,1
2032,1
10222,1
2022,1
6110,1
1206,1
2012,1
4057,1
2389,1
2186,1
1309,1
1228,1
1987,1
1984,1
6078,1
3331,1
1979,1
1977,1
6070,1
4020,1
3973,1
8065,1
2214,1
3966,1
1864,1
1860,1
5951,1
1851,1
8072,1
1845,1
1842,1
1837,1
7980,1
1835,1
3878,1
1829,1
3872,1
1823,1
7966,1
4576,1
1820,1
1602,1
2249,1
1817,1
3863,1
3913,1
3914,1
1867,1
1893,1
14318,1
1913,1
1908,1
1905,1
5998,1
3949,1
1898,1
3378,1
2319,1
14179,1
5965,1
6579,1
2779,1
1884,1
3931,1
1882,1
1881,1
697,1
1244,1
1872,1
1526,1
1901,1
1049,1
5324,1
1225,1
1224,1
1223,1
1221,1
1217,1
1213,1
1209,1
1207,1
5302,1
1204,1
1203,1
1201,1
1200,1
1198,1
5293,1
3244,1
1193,1
1190,1
1188,1
3235,1
1185,1
3275,1
1236,1
15857,1
1238,1
3622,1
1300,1
1299,1
1297,1
3343,1
3342,1
1291,1
1289,1
7432,1
1285,1
1283,1
5371,1
7418,1
1271,1
7409,1
1255,1
1249,1
1246,1
1245,1
9436,1
1239,1
3229,1
3031,1
1175,1
3186,1
3148,1
1098,1
5190,1
1092,1
3915,1
11328,1
9277,1
7228,1
5179,1
9271,1
3124,1
3123,1
3568,1
1068,1
3114,1
3108,1
3105,1
3104,1
1055,1
5150,1
1050,1
1101,1
1103,1
1107,1
3190,1
1168,1
5381,1
3213,1
7308,1
1163,1
1158,1
5248,1
1149,1
3195,1
5234,1
1108,1
1136,1
3181,1
1131,1
1126,1
1123,1
6289,1
1113,1
3160,1
7253,1
1308,1
3357,1
1311,1
1413,1
3518,1
1469,1
13756,1
9566,1
3512,1
3509,1
1459,1
1455,1
1453,1
7596,1
1337,1
1056,1
10961,1
3488,1
9629,1
983,1
1433,1
1138,1
1422,1
1418,1
5511,1
1471,1
1473,1
1474,1
1501,1
11760,1
3566,1
3565,1
1516,1
1514,1
1512,1
3556,1
1505,1
3552,1
5595,1
3527,1
1498,1
1495,1
1494,1
1493,1
7119,1
3535,1
7629,1
1484,1
1480,1
1414,1
1412,1
1313,1
1164,1
1346,1
1345,1
1344,1
1343,1
3345,1
1338,1
3976,1
3384,1
1333,1
7476,1
1331,1
1330,1
7472,1
1520,1
1323,1
1322,1
11560,1
1318,1
15653,1
5743,1
2108,1
11054,1
3398,1
3399,1
1381,1
1403,1
3447,1
3446,1
5493,1
882,1
1391,1
1388,1
2427,1
3430,1
9572,1
1355,1
1377,1
1376,1
3422,1
1372,1
3416,1
3414,1
1361,1
1360,1
1358,1
6148,1
