,savings
0.0,578
71.17,2
93.87,2
78.37,2
66.53,2
17.52,1
75.33,1
96.22,1
32.76,1
207.23,1
438.24,1
35.8,1
92.15,1
45.05,1
51.43,1
20.15,1
47.8,1
38.95,1
47.22,1
83.12,1
86.38,1
411.17,1
3.8,1
28.73,1
227.77,1
7.35,1
79.62,1
804.96,1
98.73,1
14.18,1
78.33,1
25.73,1
3414.88,1
55.13,1
57.17,1
34.86,1
20.69,1
67.24,1
65.46,1
82.93,1
58.62,1
21.59,1
254.32,1
65.2,1
13.53,1
38.82,1
80.29,1
184.01,1
5987.51,1
85.21,1
59.79,1
197.77,1
1.92,1
24.41,1
76.14,1
53.54,1
19.21,1
271.2,1
99.76,1
8.58,1
22.67,1
36.37,1
46.6,1
86.28,1
214.45,1
39.36,1
191.82,1
62.94,1
22.92,1
384.02,1
54.04,1
87.39,1
145.16,1
66.11,1
99.84,1
53.53,1
98.87,1
74.32,1
38.84,1
64.4,1
15.8,1
94.96,1
586.68,1
10.91,1
96.63,1
80.14,1
35.21,1
623.93,1
31.64,1
27.59,1
7709.45,1
42.7,1
16.33,1
66.73,1
17.26,1
89.91,1
432.97,1
479.08,1
7265.64,1
1.59,1
39.45,1
16.7,1
99.46,1
33.47,1
61.85,1
35.15,1
28.22,1
442.18,1
31.97,1
51.04,1
52.78,1
473.67,1
777.08,1
10.02,1
96.37,1
65.36,1
2.52,1
189.81,1
76.88,1
65.14,1
2.68,1
99.04,1
72.58,1
14.04,1
90.63,1
27.57,1
95.01,1
84.15,1
29.47,1
25.48,1
82.56,1
25.37,1
90.83,1
13.37,1
39.88,1
95.88,1
65.84,1
60.0,1
36.75,1
0.75,1
70.0,1
355.29,1
80.0,1
16.75,1
98.59,1
25.0,1
9.33,1
179.18,1
32.77,1
12.55,1
450.89,1
6.23,1
146.38,1
15.15,1
1.47,1
47.59,1
47.97,1
12.54,1
41.34,1
376.5,1
8297.56,1
76.66,1
57.07,1
26.55,1
8629.45,1
34.4,1
245.49,1
68.49,1
651.95,1
84.97,1
33.14,1
14.57,1
72.73,1
5269.98,1
364.78,1
309.29,1
25.66,1
25.59,1
69.14,1
94.84,1
86.87,1
61.33,1
28.3,1
354.18,1
52.67,1
58.66,1
406.75,1
4.69,1
15.64,1
167.17,1
90.78,1
58.68,1
1787.08,1
28.02,1
286.74,1
90.98,1
92.79,1
26.63,1
429.73,1
94.12,1
45.58,1
183.61,1
42.11,1
265.12,1
438.95,1
49.11,1
69.55,1
73.19,1
33.9,1
65.95,1
125.55,1
82.59,1
73.59,1
83.42,1
3227.17,1
776.87,1
34.47,1
2599.63,1
89.6,1
28.84,1
96.82,1
6.1,1
11.36,1
12.95,1
29.79,1
30.99,1
5.6,1
21.65,1
26.85,1
91.89,1
52.29,1
10.58,1
44.36,1
27.22,1
84.41,1
27.23,1
672.43,1
18.37,1
7369.04,1
97.02,1
7.07,1
2176.54,1
319.57,1
818.86,1
38.61,1
58.88,1
14.98,1
10.4,1
174.71,1
324.58,1
238.87,1
59.98,1
742.31,1
2.66,1
32.57,1
65.06,1
68.48,1
29.16,1
98.28,1
49.54,1
94.81,1
732.13,1
29.55,1
55.52,1
77.15,1
47.41,1
82.17,1
159.43,1
41.84,1
78.56,1
43.74,1
68.22,1
84.16,1
40.12,1
14.8,1
1.28,1
374.88,1
446.02,1
16.26,1
3355.15,1
64.33,1
72.61,1
18.82,1
345.1,1
6.71,1
28.28,1
62.41,1
56.73,1
93.62,1
53.92,1
893.64,1
33.62,1
98.78,1
80.7,1
56.29,1
67.23,1
34.27,1
774.26,1
88.27,1
21.64,1
94.88,1
60.63,1
6.47,1
59.7,1
98.3,1
265.76,1
1.66,1
35.38,1
9.41,1
41.6,1
19.45,1
89.41,1
41.22,1
15.71,1
5.02,1
76.64,1
242.99,1
37.69,1
85.34,1
7453.33,1
83.75,1
15.47,1
44.33,1
18.68,1
15.37,1
2438.92,1
2648.91,1
671.95,1
65.35,1
56.13,1
10.76,1
45.93,1
65.13,1
73.76,1
74.65,1
465.33,1
88.42,1
22.56,1
39.12,1
17.04,1
280.59,1
45.64,1
25.06,1
47.43,1
54.99,1
8.69,1
5806.39,1
98.16,1
427.25,1
247.0,1
4.99,1
58.25,1
8.9,1
84.14,1
94.68,1
20.07,1
30.91,1
75.09,1
54.57,1
100.46,1
5.74,1
21.86,1
50.34,1
88.44,1
77.99,1
438.53,1
324.97,1
1.11,1
7895.35,1
20.05,1
41.19,1
11.79,1
92.06,1
54.46,1
30.24,1
17.05,1
77.78,1
287.97,1
32.53,1
24.62,1
85.64,1
39.92,1
41.97,1
33.43,1
32.32,1
89.73,1
239.05,1
27.79,1
37.26,1
899.82,1
66.57,1
58.58,1
60.77,1
1.49,1
3.87,1
549.75,1
94.47,1
90.53,1
7.28,1
9.09,1
50.51,1
39.81,1
40.81,1
37.56,1
51.81,1
240.61,1
52.31,1
840.74,1
224.1,1
89.2,1
14.86,1
9.01,1
74.69,1
64.05,1
119.45,1
36.33,1
58.43,1
6.83,1
69.51,1
95.08,1
73.55,1
9298.08,1
73.52,1
